p 0 -2 0 1 0 0 0 1 10526880
p 0 2 0 1 3.14159265359 0 0 1 5263440
p 0 0 10 1 -0.78539816339 0 0 1 255
s 0 -1.5 0 1 .25 16711680
s 2 -2 0 1 .5 13421772
s 2 2 0 1 .5 13421772
s 2 -2 0 1 .5 13421772
s 2 -2 2 1 .5 13421772
s -2 -2 2 1 .5 13421772
s -2 2 0 1 .5 13421772
s -2 -2 2 1 .5 13421772
s -2 2 2 1 .5 13421772
l 2 0 0 1 0 0 0 0 13421772
l -2 0 0 1 0 0 0 0 13421772
l 2 0 2 1 0 0 0 0 13421772
l -2 0 2 1 0 0 0 0 13421772
c 0 0 4 1 0 0 0 0 0.26166666666 16776960
c -4 0 2 1 0 0 0 0 0.26166666666 16776960
c 4 0 2 1 0 0 0 0 0.26166666666 16776960
